1466290910982, 55.0, 1
1466290911985, 55.0, 1
1466290912984, 55.0, 1
1466290913983, 55.0, 1
1466290914981, 55.0, 1
1466290915984, 55.0, 1
1466290916985, 55.0, 1
1466290917985, 55.0, 1
1466290918981, 55.0, 1
1466290919983, 55.0, 1
1466290920984, 55.0, 1
1466290921983, 55.0, 1
1466290922984, 55.0, 1
1466290923984, 55.0, 1
1466290924984, 55.0, 1
1466290925984, 55.0, 1
1466290926985, 55.0, 1
1466290927982, 55.0, 1
1466290928985, 55.0, 1
1466290929985, 55.0, 1
1466290930985, 55.0, 1
1466290931986, 55.0, 1
1466290932983, 55.0, 1
1466290933986, 55.0, 1
1466290934983, 55.0, 1
1466290935982, 55.0, 1
1466290936984, 55.0, 1
1466290937986, 55.0, 1
1466290938985, 55.0, 1
1466290939983, 55.0, 1
1466290940985, 55.0, 1
1466290941985, 55.0, 1
1466290942984, 55.0, 1
1466290943984, 55.0, 1
1466290944982, 55.0, 1
1466290945982, 55.0, 1
1466290946985, 55.0, 1
1466290947984, 55.0, 1
1466290948986, 55.0, 1
1466290949984, 55.0, 1
1466290950985, 55.0, 1
1466290951985, 55.0, 1
1466290952986, 55.0, 1
1466290953982, 55.0, 1
1466290954986, 55.0, 1
1466290955982, 55.0, 1
1466290956982, 55.0, 1
1466290957984, 55.0, 1
1466290958983, 55.0, 1
1466290959985, 55.0, 1
1466290960985, 55.0, 1
1466290961983, 55.0, 1
1466290962982, 55.0, 1
1466290963983, 55.0, 1
1466290964981, 55.0, 1
1466290965982, 55.0, 1
1466290966984, 55.0, 1
1466290967982, 55.0, 1
1466290968985, 55.0, 1
1466290969986, 55.0, 1
1466290970984, 82.5, 1
1466290971986, 82.5, 1
1466290972985, 82.5, 1
1466290973982, 82.5, 1
1466290974985, 82.5, 1
1466290975982, 82.5, 1
1466290976983, 82.5, 1
1466290977981, 82.5, 1
1466290978981, 82.5, 1
1466290979985, 82.5, 1
1466290980985, 82.5, 1
1466290981982, 82.5, 1
1466290982984, 82.5, 1
1466290983986, 82.5, 1
1466290984982, 82.5, 1
1466290985984, 82.5, 1
1466290986984, 82.5, 1
1466290987981, 82.5, 1
1466290988982, 82.5, 1
1466290989982, 82.5, 1
1466290990984, 82.5, 1
1466290991981, 82.5, 1
1466290992982, 82.5, 1
1466290993981, 82.5, 1
1466290994982, 82.5, 1
1466290995985, 82.5, 1
1466290996984, 82.5, 1
1466290997983, 82.5, 1
1466290998984, 82.5, 1
1466290999984, 82.5, 1
1466291000983, 82.5, 1
1466291001982, 82.5, 1
1466291002986, 82.5, 1
1466291003986, 82.5, 1
1466291004983, 82.5, 1
1466291005984, 82.5, 1
1466291006985, 82.5, 1
1466291007985, 82.5, 1
1466291008985, 82.5, 1
1466291009986, 82.5, 1
1466291010983, 82.5, 1
1466291011981, 82.5, 1
1466291012983, 82.5, 1
1466291013986, 82.5, 1
1466291014982, 82.5, 1
1466291015985, 82.5, 1
1466291016983, 82.5, 1
1466291017984, 82.5, 1
1466291018984, 82.5, 1
1466291019982, 82.5, 1
1466291020982, 82.5, 1
1466291021983, 82.5, 1
1466291022983, 82.5, 1
1466291023986, 82.5, 1
1466291024984, 82.5, 1
1466291025982, 82.5, 1
1466291026981, 82.5, 1
1466291027986, 82.5, 1
1466291028983, 82.5, 1
1466291029986, 82.5, 1
1466291030986, 170.0, 1
1466291031984, 240.00002, 1
1466291032984, 270.0, 1
1466291033985, 270.0, 1
1466291034985, 270.0, 1
1466291035986, 270.0, 1
1466291036981, 270.0, 1
1466291037985, 270.0, 1
1466291038984, 270.0, 1
1466291039986, 270.0, 1
1466291040986, 270.0, 1
1466291041982, 270.0, 1
1466291042985, 270.0, 1
1466291043984, 270.0, 1
1466291044986, 270.0, 1
1466291045985, 270.0, 1
1466291046983, 270.0, 1
1466291047984, 270.0, 1
1466291048985, 270.0, 1
1466291049985, 270.0, 1
1466291050986, 270.0, 1
1466291051982, 270.0, 1
1466291052983, 270.0, 1
1466291053984, 270.0, 1
1466291054983, 270.0, 1
1466291055984, 270.0, 1
1466291056986, 270.0, 1
1466291057986, 270.0, 1
1466291058986, 270.0, 1
1466291059982, 270.0, 1
1466291060986, 270.0, 1
1466291061982, 270.0, 1
1466291062986, 270.0, 1
1466291063986, 270.0, 1
1466291064985, 270.0, 1
1466291065985, 270.0, 1
1466291066981, 270.0, 1
1466291067983, 270.0, 1
1466291068986, 270.0, 1
1466291069986, 270.0, 1
1466291070983, 270.0, 1
1466291071982, 270.0, 1
1466291072982, 270.0, 1
1466291073984, 270.0, 1
1466291074986, 270.0, 1
1466291075982, 270.0, 1
1466291076983, 270.0, 1
1466291077985, 270.0, 1
1466291078784, 270.0, 2
1466291078984, 135.0, 2
1466291079985, 120.00001, 2
1466291080986, 105.00001, 2
1466291081985, 90.00001, 2
1466291082983, 85.0, 2
1466291083985, 85.0, 2
1466291084983, 85.0, 2
1466291085986, 85.0, 2
1466291086983, 85.0, 2
1466291087985, 85.0, 2
1466291088984, 85.0, 2
1466291089981, 85.0, 2
1466291090986, 41.25, 2
1466291091982, 41.25, 2
1466291092984, 41.25, 2
1466291093984, 41.25, 2
1466291094984, 41.25, 2
1466291095984, 41.25, 2
1466291096984, 41.25, 2
1466291097983, 41.25, 2
1466291098982, 41.25, 2
1466291099986, 41.25, 2
1466291100984, 41.25, 2
1466291101985, 41.25, 2
1466291102984, 41.25, 2
1466291103982, 41.25, 2
1466291104983, 41.25, 2
1466291105982, 41.25, 2
1466291106985, 41.25, 2
1466291107984, 41.25, 2
1466291108983, 41.25, 2
1466291109983, 41.25, 2
1466291110986, 41.25, 2
1466291111982, 41.25, 2
1466291112983, 41.25, 2
1466291113983, 41.25, 2
1466291114984, 41.25, 2
1466291115981, 41.25, 2
1466291116986, 41.25, 2
1466291117984, 41.25, 2
1466291118984, 41.25, 2
1466291119986, 41.25, 2
1466291120984, 41.25, 2
1466291121986, 41.25, 2
1466291122985, 41.25, 2
1466291123986, 41.25, 2
1466291124985, 41.25, 2
1466291125983, 41.25, 2
1466291126982, 41.25, 2
1466291127982, 41.25, 2
1466291128983, 41.25, 2
1466291129985, 41.25, 2
1466291130982, 41.25, 2
1466291131986, 41.25, 2
1466291132983, 41.25, 2
1466291133985, 41.25, 2
1466291134983, 41.25, 2
1466291135985, 41.25, 2
1466291136983, 41.25, 2
1466291137982, 41.25, 2
1466291138985, 41.25, 2
1466291139983, 41.25, 2
1466291140986, 41.25, 2
1466291141983, 41.25, 2
1466291142985, 41.25, 2
1466291143984, 41.25, 2
1466291144985, 41.25, 2
1466291145983, 41.25, 2
1466291146983, 41.25, 2
1466291147984, 41.25, 2
1466291148984, 41.25, 2
1466291149983, 41.25, 2
1466291150984, 85.0, 2
1466291151982, 85.0, 2
1466291152982, 85.0, 2
1466291153982, 85.0, 2
1466291154984, 85.0, 2
1466291155982, 85.0, 2
1466291156320, 85.0, 3
1466291156986, 56.666668, 3
1466291157985, 56.666668, 3
1466291158982, 56.666668, 3
1466291159984, 56.666668, 3
1466291160983, 56.666668, 3
1466291161982, 56.666668, 3
1466291162986, 56.666668, 3
1466291163983, 56.666668, 3
1466291164982, 56.666668, 3
1466291165982, 56.666668, 3
1466291166983, 56.666668, 3
1466291167982, 56.666668, 3
1466291168982, 56.666668, 3
1466291169983, 56.666668, 3
1466291170985, 56.666668, 3
1466291171983, 56.666668, 3
1466291172984, 56.666668, 3
1466291173984, 56.666668, 3
1466291174982, 56.666668, 3
1466291175984, 56.666668, 3
1466291176982, 56.666668, 3
1466291177986, 56.666668, 3
1466291178985, 56.666668, 3
1466291179983, 56.666668, 3
1466291180985, 56.666668, 3
1466291181981, 56.666668, 3
1466291182981, 56.666668, 3
1466291183984, 56.666668, 3
1466291184984, 56.666668, 3
1466291185985, 56.666668, 3
1466291186985, 56.666668, 3
1466291187985, 56.666668, 3
1466291188985, 56.666668, 3
1466291189982, 56.666668, 3
1466291190983, 56.666668, 3
1466291191985, 56.666668, 3
1466291192983, 56.666668, 3
1466291193985, 56.666668, 3
1466291194986, 56.666668, 3
1466291195984, 56.666668, 3
1466291196983, 56.666668, 3
1466291197986, 56.666668, 3
1466291198986, 56.666668, 3
1466291199986, 56.666668, 3
1466291200983, 56.666668, 3
1466291201986, 56.666668, 3
1466291202983, 56.666668, 3
1466291203981, 56.666668, 3
1466291204982, 56.666668, 3
1466291205985, 56.666668, 3
1466291206986, 56.666668, 3
1466291207983, 56.666668, 3
1466291208982, 56.666668, 3
1466291209983, 56.666668, 3
1466291210984, 56.666668, 3
1466291211983, 56.666668, 3
1466291212983, 56.666668, 3
1466291213985, 56.666668, 3
1466291214983, 56.666668, 3
1466291215984, 56.666668, 3
1466291216985, 56.666668, 3
1466291217985, 56.666668, 3
1466291218985, 56.666668, 3
1466291219985, 56.666668, 3
1466291220984, 56.666668, 3
1466291221986, 56.666668, 3
1466291222984, 56.666668, 3
1466291223984, 56.666668, 3
1466291224985, 56.666668, 3
1466291225985, 56.666668, 3
1466291226984, 56.666668, 3
1466291227984, 56.666668, 3
1466291228986, 56.666668, 3
1466291229984, 56.666668, 3
1466291230984, 56.666668, 3
1466291231985, 56.666668, 3
1466291232983, 56.666668, 3
1466291233983, 56.666668, 3
1466291234984, 56.666668, 3
1466291235984, 56.666668, 3
1466291236983, 56.666668, 3
1466291237985, 56.666668, 3
1466291238983, 56.666668, 3
1466291239983, 56.666668, 3
1466291240986, 56.666668, 3
1466291241986, 56.666668, 3
1466291242983, 56.666668, 3
1466291243985, 56.666668, 3
1466291244982, 56.666668, 3
1466291245983, 56.666668, 3
1466291246986, 56.666668, 3
1466291247986, 56.666668, 3
1466291248985, 56.666668, 3
1466291249986, 56.666668, 3
1466291250983, 56.666668, 3
1466291251984, 56.666668, 3
1466291252984, 56.666668, 3
1466291253983, 56.666668, 3
1466291254983, 56.666668, 3
1466291255983, 56.666668, 3
1466291256983, 56.666668, 3
1466291257982, 56.666668, 3
1466291258983, 56.666668, 3
1466291259983, 56.666668, 3
1466291260985, 56.666668, 3
1466291261982, 56.666668, 3
1466291262985, 56.666668, 3
1466291263982, 56.666668, 3
1466291264983, 56.666668, 3
1466291265986, 56.666668, 3
1466291266984, 56.666668, 3
1466291267986, 56.666668, 3
1466291268986, 56.666668, 3
1466291269986, 56.666668, 3
1466291270982, 27.5, 3
1466291271982, 27.5, 3
1466291272984, 27.5, 3
1466291273985, 27.5, 3
1466291274986, 27.5, 3
1466291275986, 27.5, 3
1466291276986, 27.5, 3
1466291277986, 27.5, 3
1466291278986, 27.5, 3
1466291279986, 27.5, 3
1466291280986, 27.5, 3
1466291281986, 27.5, 3
1466291282986, 27.5, 3
1466291283986, 27.5, 3
1466291284985, 27.5, 3
1466291285985, 27.5, 3
1466291286985, 27.5, 3
1466291287986, 27.5, 3
1466291288986, 27.5, 3
1466291289985, 27.5, 3
1466291290985, 27.5, 3
1466291291985, 27.5, 3
1466291292985, 27.5, 3
1466291293985, 27.5, 3
1466291294986, 27.5, 3
1466291295985, 27.5, 3
1466291296985, 27.5, 3
1466291297985, 27.5, 3
1466291298778, 27.5, 2
1466291298985, 41.25, 2
1466291299985, 41.25, 2
1466291300985, 41.25, 2
1466291301985, 41.25, 2
1466291302985, 41.25, 2
1466291303985, 41.25, 2
1466291304985, 41.25, 2
1466291305985, 41.25, 2
1466291306985, 41.25, 2
1466291307985, 41.25, 2
1466291308789, 41.25, 1
1466291308985, 82.5, 1
1466291309985, 82.5, 1
1466291310985, 82.5, 1
1466291311984, 82.5, 1
1466291312986, 82.5, 1
1466291313984, 82.5, 1
1466291314985, 82.5, 1
1466291315985, 82.5, 1
1466291316985, 82.5, 1
1466291317984, 82.5, 1
1466291318984, 82.5, 1
1466291319984, 82.5, 1
1466291320985, 82.5, 1
1466291321985, 82.5, 1
1466291322985, 82.5, 1
1466291323985, 82.5, 1
1466291324984, 82.5, 1
1466291325986, 82.5, 1
1466291326985, 82.5, 1
1466291327984, 82.5, 1
1466291328986, 82.5, 1
1466291329985, 82.5, 1
1466291330984, 170.0, 1
1466291331984, 240.00002, 1
1466291332984, 270.0, 1
1466291333985, 270.0, 1
1466291334986, 270.0, 1
1466291335984, 270.0, 1
1466291336985, 270.0, 1
1466291337983, 270.0, 1
1466291338983, 270.0, 1
1466291339985, 270.0, 1
1466291340985, 270.0, 1
1466291341985, 270.0, 1
1466291342986, 270.0, 1
1466291343984, 270.0, 1
1466291344983, 270.0, 1
1466291345983, 270.0, 1
1466291346983, 270.0, 1
1466291347984, 270.0, 1
1466291348983, 270.0, 1
1466291349984, 270.0, 1
1466291350985, 270.0, 1
1466291351983, 270.0, 1
1466291352984, 270.0, 1
1466291353983, 270.0, 1
1466291354983, 270.0, 1
1466291355985, 270.0, 1
1466291356984, 270.0, 1
1466291357985, 270.0, 1
1466291358985, 270.0, 1
1466291359984, 270.0, 1
1466291360983, 270.0, 1
1466291361983, 270.0, 1
1466291362984, 270.0, 1
1466291363983, 270.0, 1
1466291364986, 270.0, 1
1466291365984, 270.0, 1
1466291366983, 270.0, 1
1466291367985, 270.0, 1
1466291368984, 270.0, 1
1466291369982, 270.0, 1
1466291370985, 270.0, 1
1466291371983, 270.0, 1
1466291372983, 270.0, 1
1466291373985, 270.0, 1
1466291374984, 270.0, 1
1466291375982, 270.0, 1
1466291376982, 270.0, 1
1466291377984, 270.0, 1
1466291378985, 270.0, 1
1466291379984, 270.0, 1
1466291380984, 270.0, 1
1466291381350, 270.0, 2
1466291381986, 135.0, 2
1466291382983, 120.00001, 2
1466291383984, 105.00001, 2
1466291384984, 90.00001, 2
1466291385986, 85.0, 2
1466291386982, 85.0, 2
1466291387983, 85.0, 2
1466291388984, 85.0, 2
1466291389984, 85.0, 2
1466291390985, 41.25, 2
1466291391985, 41.25, 2
1466291392985, 41.25, 2
1466291393982, 41.25, 2
1466291394985, 41.25, 2
1466291395986, 41.25, 2
1466291396985, 41.25, 2
1466291397983, 41.25, 2
1466291398984, 41.25, 2
1466291399985, 41.25, 2
1466291400985, 41.25, 2
1466291401984, 41.25, 2
1466291402986, 41.25, 2
1466291403985, 41.25, 2
1466291404985, 41.25, 2
1466291405983, 41.25, 2
1466291406983, 41.25, 2
1466291407983, 41.25, 2
1466291408984, 41.25, 2
1466291409982, 41.25, 2
1466291410984, 41.25, 2
1466291411981, 41.25, 2
1466291412985, 41.25, 2
1466291413986, 41.25, 2
1466291414983, 41.25, 2
1466291415985, 41.25, 2
1466291416981, 41.25, 2
1466291417983, 41.25, 2
1466291418984, 41.25, 2
1466291419983, 41.25, 2
1466291420984, 41.25, 2
1466291421984, 41.25, 2
1466291422985, 41.25, 2
1466291423985, 41.25, 2
1466291424985, 41.25, 2
1466291425983, 41.25, 2
1466291426984, 41.25, 2
1466291427983, 41.25, 2
1466291428983, 41.25, 2
1466291429983, 41.25, 2
1466291430982, 41.25, 2
1466291431986, 41.25, 2
1466291432986, 41.25, 2
1466291433981, 41.25, 2
1466291434986, 41.25, 2
1466291435986, 41.25, 2
1466291436986, 41.25, 2
1466291437986, 41.25, 2
1466291438985, 41.25, 2
1466291439984, 41.25, 2
1466291440986, 41.25, 2
1466291441986, 41.25, 2
1466291442984, 41.25, 2
1466291443985, 41.25, 2
1466291444986, 41.25, 2
1466291445985, 41.25, 2
1466291446985, 41.25, 2
1466291447984, 41.25, 2
1466291448984, 41.25, 2
1466291449984, 41.25, 2
1466291450986, 41.25, 2
1466291451985, 41.25, 2
1466291452985, 41.25, 2
1466291453985, 41.25, 2
1466291454982, 41.25, 2
1466291455984, 41.25, 2
1466291456985, 41.25, 2
1466291457985, 41.25, 2
1466291458981, 41.25, 2
1466291459983, 41.25, 2
1466291460981, 41.25, 2
1466291461985, 41.25, 2
1466291462981, 41.25, 2
1466291463985, 41.25, 2
1466291464981, 41.25, 2
1466291465987, 41.25, 2
1466291466984, 41.25, 2
1466291467984, 41.25, 2
1466291468984, 41.25, 2
1466291469986, 41.25, 2
1466291470985, 41.25, 2
1466291471984, 41.25, 2
1466291472983, 41.25, 2
1466291473986, 41.25, 2
1466291474985, 41.25, 2
1466291475985, 41.25, 2
1466291476984, 41.25, 2
1466291477982, 41.25, 2
1466291478981, 41.25, 2
1466291479982, 41.25, 2
1466291480982, 41.25, 2
1466291481984, 41.25, 2
1466291482984, 41.25, 2
1466291483983, 41.25, 2
1466291484983, 41.25, 2
1466291485985, 41.25, 2
1466291486984, 41.25, 2
1466291487986, 41.25, 2
1466291488984, 41.25, 2
1466291489984, 41.25, 2
1466291490984, 41.25, 2
1466291491983, 41.25, 2
1466291492983, 41.25, 2
1466291493985, 41.25, 2
1466291494983, 41.25, 2
1466291495985, 41.25, 2
1466291496984, 41.25, 2
1466291497984, 41.25, 2
1466291498982, 41.25, 2
1466291499983, 41.25, 2
1466291500983, 41.25, 2
1466291501982, 41.25, 2
1466291502986, 41.25, 2
1466291503985, 41.25, 2
1466291504985, 41.25, 2
1466291505984, 41.25, 2
1466291506984, 41.25, 2
1466291507983, 41.25, 2
1466291508985, 41.25, 2
1466291509981, 41.25, 2
1466291510984, 85.0, 2
1466291511984, 85.0, 2
1466291512984, 85.0, 2
1466291513985, 85.0, 2
1466291514983, 85.0, 2
1466291515983, 85.0, 2
1466291516984, 85.0, 2
1466291517983, 85.0, 2
1466291518986, 85.0, 2
1466291519981, 85.0, 2
1466291520986, 85.0, 2
1466291521985, 85.0, 2
1466291522981, 85.0, 2
1466291523983, 85.0, 2
1466291524985, 85.0, 2
1466291525986, 85.0, 2
1466291526983, 85.0, 2
1466291527984, 85.0, 2
1466291528983, 85.0, 2
1466291529986, 85.0, 2
1466291530982, 85.0, 2
1466291531985, 85.0, 2
1466291532985, 85.0, 2
1466291533986, 85.0, 2
1466291534981, 85.0, 2
1466291535984, 85.0, 2
1466291536985, 85.0, 2
1466291537981, 85.0, 2
1466291538985, 85.0, 2
1466291539986, 85.0, 2
1466291540984, 85.0, 2
1466291541983, 85.0, 2
1466291542984, 85.0, 2
1466291543986, 85.0, 2
1466291544984, 85.0, 2
1466291545983, 85.0, 2
1466291546984, 85.0, 2
1466291547984, 85.0, 2
1466291548982, 85.0, 2
1466291549983, 85.0, 2
1466291550984, 85.0, 2
1466291551983, 85.0, 2
1466291552982, 85.0, 2
1466291553985, 85.0, 2
1466291554984, 85.0, 2
1466291555983, 85.0, 2
1466291556985, 85.0, 2
1466291557986, 85.0, 2
1466291558986, 85.0, 2
1466291559985, 85.0, 2
1466291560984, 85.0, 2
1466291561985, 85.0, 2
1466291562984, 85.0, 2
1466291563985, 85.0, 2
1466291564982, 85.0, 2
1466291565983, 85.0, 2
1466291566983, 85.0, 2
1466291567983, 85.0, 2
1466291568983, 85.0, 2
1466291569983, 85.0, 2
1466291570985, 85.0, 2
1466291571984, 85.0, 2
1466291572984, 85.0, 2
1466291573984, 85.0, 2
1466291574983, 85.0, 2
1466291575983, 85.0, 2
1466291576986, 85.0, 2
1466291577983, 85.0, 2
1466291578984, 85.0, 2
1466291579986, 85.0, 2
1466291580983, 85.0, 2
1466291581985, 85.0, 2
1466291582982, 85.0, 2
1466291583985, 85.0, 2
1466291584985, 85.0, 2
1466291585985, 85.0, 2
1466291586985, 85.0, 2
1466291587985, 85.0, 2
1466291588985, 85.0, 2
1466291589981, 85.0, 2
1466291590984, 85.0, 2
1466291591985, 85.0, 2
1466291592986, 85.0, 2
1466291593982, 85.0, 2
1466291594986, 85.0, 2
1466291595984, 85.0, 2
1466291596984, 85.0, 2
1466291597983, 85.0, 2
1466291598983, 85.0, 2
1466291599985, 85.0, 2
1466291600982, 85.0, 2
1466291601982, 85.0, 2
1466291602984, 85.0, 2
1466291603985, 85.0, 2
1466291604984, 85.0, 2
1466291605984, 85.0, 2
1466291606864, 85.0, 3
1466291606986, 56.666668, 3
1466291607986, 56.666668, 3
1466291608984, 56.666668, 3
1466291609984, 56.666668, 3
1466291610986, 56.666668, 3
1466291611986, 56.666668, 3
1466291612986, 56.666668, 3
1466291613986, 56.666668, 3
1466291614983, 56.666668, 3
1466291615984, 56.666668, 3
1466291616982, 56.666668, 3
1466291617984, 56.666668, 3
1466291618983, 56.666668, 3
1466291619984, 56.666668, 3
1466291620982, 56.666668, 3
1466291621984, 56.666668, 3
1466291622985, 56.666668, 3
1466291623986, 56.666668, 3
1466291624983, 56.666668, 3
1466291625983, 56.666668, 3
1466291626985, 56.666668, 3
1466291627982, 56.666668, 3
1466291628984, 56.666668, 3
1466291629986, 56.666668, 3
1466291630985, 27.5, 3
1466291631983, 27.5, 3
1466291632981, 27.5, 3
1466291633982, 27.5, 3
1466291634982, 27.5, 3
1466291635985, 27.5, 3
1466291636982, 27.5, 3
1466291637985, 27.5, 3
1466291638985, 27.5, 3
1466291639985, 27.5, 3
1466291640981, 27.5, 3
1466291641985, 27.5, 3
1466291642982, 27.5, 3
1466291643981, 27.5, 3
1466291644983, 27.5, 3
1466291645982, 27.5, 3
1466291646982, 27.5, 3
1466291647985, 27.5, 3
1466291648981, 27.5, 3
1466291649984, 27.5, 3
1466291650984, 27.5, 3
1466291651985, 27.5, 3
1466291652981, 27.5, 3
1466291653986, 27.5, 3
1466291654983, 27.5, 3
1466291655985, 27.5, 3
1466291656984, 27.5, 3
1466291657982, 27.5, 3
1466291658777, 27.5, 2
1466291658983, 41.25, 2
1466291659982, 41.25, 2
1466291660984, 41.25, 2
1466291661985, 41.25, 2
1466291662986, 41.25, 2
1466291663985, 41.25, 2
1466291664983, 41.25, 2
1466291665982, 41.25, 2
1466291666984, 41.25, 2
1466291667984, 41.25, 2
1466291668792, 41.25, 1
1466291668985, 82.5, 1
1466291669985, 82.5, 1
1466291670981, 82.5, 1
1466291671986, 82.5, 1
1466291672983, 82.5, 1
1466291673984, 82.5, 1
1466291674986, 82.5, 1
1466291675982, 82.5, 1
1466291676982, 82.5, 1
1466291677983, 82.5, 1
1466291678983, 82.5, 1
1466291679986, 82.5, 1
1466291680984, 82.5, 1
1466291681984, 82.5, 1
1466291682985, 82.5, 1
1466291683983, 82.5, 1
1466291684983, 82.5, 1
1466291685981, 82.5, 1
1466291686982, 82.5, 1
1466291687986, 82.5, 1
1466291688984, 82.5, 1
1466291689985, 82.5, 1
1466291690983, 82.5, 1
1466291691981, 82.5, 1
1466291692985, 82.5, 1
1466291693985, 82.5, 1
1466291694988, 82.5, 1
1466291695982, 82.5, 1
1466291696982, 82.5, 1
1466291697984, 82.5, 1
1466291698985, 82.5, 1
1466291699985, 82.5, 1
1466291700984, 82.5, 1
1466291701985, 82.5, 1
1466291702984, 82.5, 1
1466291703984, 82.5, 1
1466291704983, 82.5, 1
1466291705985, 82.5, 1
1466291706982, 82.5, 1
1466291707984, 82.5, 1
1466291708984, 82.5, 1
1466291709985, 82.5, 1
1466291710984, 82.5, 1
1466291711984, 82.5, 1
1466291712982, 82.5, 1
1466291713985, 82.5, 1
1466291714984, 82.5, 1
1466291715984, 82.5, 1
1466291716985, 82.5, 1
1466291717982, 82.5, 1
1466291718985, 82.5, 1
1466291719985, 82.5, 1
1466291720985, 82.5, 1
1466291721982, 82.5, 1
1466291722985, 82.5, 1
1466291723983, 82.5, 1
1466291724986, 82.5, 1
1466291725986, 82.5, 1
1466291726985, 82.5, 1
1466291727986, 82.5, 1
1466291728985, 82.5, 1
1466291729985, 82.5, 1
1466291730986, 82.5, 1
1466291731985, 82.5, 1
1466291732986, 82.5, 1
1466291733983, 82.5, 1
1466291734786, 82.5, 2
1466291734983, 41.25, 2
1466291735981, 41.25, 2
1466291736986, 41.25, 2
1466291737983, 41.25, 2
1466291738982, 41.25, 2
1466291739985, 41.25, 2
1466291740984, 41.25, 2
1466291741984, 41.25, 2
1466291742985, 41.25, 2
1466291743984, 41.25, 2
1466291744984, 41.25, 2
1466291745984, 41.25, 2
1466291746983, 41.25, 2
1466291747985, 41.25, 2
1466291748984, 41.25, 2
1466291749985, 41.25, 2
1466291750984, 27.5, 2
1466291751981, 27.5, 2
1466291752985, 27.5, 2
1466291753983, 27.5, 2
1466291754985, 27.5, 2
1466291755985, 27.5, 2
1466291756985, 27.5, 2
1466291757985, 27.5, 2
1466291758986, 27.5, 2
1466291759986, 27.5, 2
1466291760986, 27.5, 2
1466291761983, 27.5, 2
1466291762983, 27.5, 2
1466291763984, 27.5, 2
1466291764986, 27.5, 2
1466291765985, 27.5, 2
1466291766984, 27.5, 2
1466291767984, 27.5, 2
1466291768981, 27.5, 2
1466291769984, 27.5, 2
1466291770983, 27.5, 2
1466291771985, 27.5, 2
1466291772982, 27.5, 2
1466291773984, 27.5, 2
1466291774983, 27.5, 2
1466291775985, 27.5, 2
1466291776983, 27.5, 2
1466291777985, 27.5, 2
1466291778772, 27.5, 1
1466291778986, 55.0, 1
1466291779983, 55.0, 1
1466291780984, 55.0, 1
1466291781983, 55.0, 1
1466291782984, 55.0, 1
1466291783984, 55.0, 1
1466291784983, 55.0, 1
1466291785984, 55.0, 1
1466291786985, 55.0, 1
1466291787985, 55.0, 1
1466291788985, 55.0, 1
1466291789986, 55.0, 1
1466291790984, 55.0, 1
1466291791984, 55.0, 1
1466291792986, 55.0, 1
1466291793986, 55.0, 1
1466291794984, 55.0, 1
1466291795985, 55.0, 1
1466291796984, 55.0, 1
1466291797985, 55.0, 1
1466291798985, 55.0, 1
1466291799983, 55.0, 1
1466291800983, 55.0, 1
1466291801983, 55.0, 1
1466291802986, 55.0, 1
1466291803984, 55.0, 1
1466291804985, 55.0, 1
1466291805985, 55.0, 1
1466291806982, 55.0, 1
1466291807982, 55.0, 1
1466291808984, 55.0, 1
1466291809985, 55.0, 1
1466291810985, 82.5, 1
1466291811984, 82.5, 1
1466291812983, 82.5, 1
1466291813987, 82.5, 1
1466291814984, 82.5, 1
1466291815984, 82.5, 1
1466291816985, 82.5, 1
1466291817982, 82.5, 1
1466291818983, 82.5, 1
1466291819986, 82.5, 1
1466291820984, 82.5, 1
1466291821986, 82.5, 1
1466291822985, 82.5, 1
1466291823982, 82.5, 1
1466291824984, 82.5, 1
1466291825982, 82.5, 1
1466291826984, 82.5, 1
1466291827985, 82.5, 1
1466291828985, 82.5, 1
1466291829982, 82.5, 1
1466291830984, 82.5, 1
1466291831982, 82.5, 1
1466291832985, 82.5, 1
1466291833981, 82.5, 1
1466291834983, 82.5, 1
1466291835985, 82.5, 1
1466291836985, 82.5, 1
1466291837984, 82.5, 1
1466291838984, 82.5, 1
1466291839983, 82.5, 1
1466291840981, 82.5, 1
1466291841985, 82.5, 1
1466291842986, 82.5, 1
1466291843984, 82.5, 1
1466291844985, 82.5, 1
1466291845984, 82.5, 1
1466291846985, 82.5, 1
1466291847985, 82.5, 1
1466291848985, 82.5, 1
1466291849982, 82.5, 1
1466291850984, 82.5, 1
1466291851984, 82.5, 1
1466291852985, 82.5, 1
1466291853986, 82.5, 1
1466291854985, 82.5, 1
1466291855983, 82.5, 1
1466291856984, 82.5, 1
1466291857985, 82.5, 1
1466291858981, 82.5, 1
1466291859986, 82.5, 1
1466291860985, 82.5, 1
1466291861986, 82.5, 1
1466291862986, 82.5, 1
1466291863986, 82.5, 1
1466291864982, 82.5, 1
1466291865984, 82.5, 1
1466291866986, 82.5, 1
1466291867986, 82.5, 1
1466291868985, 82.5, 1
1466291869983, 82.5, 1
1466291870984, 82.5, 1
1466291871985, 82.5, 1
1466291872984, 82.5, 1
1466291873982, 82.5, 1
1466291874985, 82.5, 1
1466291875985, 82.5, 1
1466291876985, 82.5, 1
1466291877986, 82.5, 1
1466291878984, 82.5, 1
1466291879983, 82.5, 1
1466291880981, 82.5, 1
1466291881982, 82.5, 1
1466291882984, 82.5, 1
1466291883982, 82.5, 1
1466291884984, 82.5, 1
1466291885985, 82.5, 1
1466291886985, 82.5, 1
1466291887984, 82.5, 1
1466291888985, 82.5, 1
1466291889985, 82.5, 1
1466291890986, 82.5, 1
1466291891986, 82.5, 1
1466291892982, 82.5, 1
1466291893983, 82.5, 1
1466291894985, 82.5, 1
1466291895983, 82.5, 1
1466291896986, 82.5, 1
1466291897983, 82.5, 1
1466291898986, 82.5, 1
1466291899984, 82.5, 1
1466291900982, 82.5, 1
1466291901984, 82.5, 1
1466291902986, 82.5, 1
1466291903984, 82.5, 1
1466291904985, 82.5, 1
1466291905984, 82.5, 1
1466291906441, 82.5, 2
1466291906985, 41.25, 2
1466291907981, 41.25, 2
1466291908981, 41.25, 2
1466291909985, 41.25, 2
1466291910985, 41.25, 2
1466291911985, 41.25, 2
1466291912985, 41.25, 2
1466291913983, 41.25, 2
1466291914985, 41.25, 2
1466291915986, 41.25, 2
1466291916983, 41.25, 2
1466291917985, 41.25, 2
1466291918984, 41.25, 2
1466291919983, 41.25, 2
1466291920981, 41.25, 2
1466291921982, 41.25, 2
1466291922985, 41.25, 2
1466291923984, 41.25, 2
1466291924982, 41.25, 2
1466291925984, 41.25, 2
1466291926981, 41.25, 2
1466291927985, 41.25, 2
1466291928982, 41.25, 2
1466291929985, 41.25, 2
1466291930982, 85.0, 2
1466291931986, 85.0, 2
1466291932986, 85.0, 2
1466291933983, 85.0, 2
1466291934984, 85.0, 2
1466291935983, 85.0, 2
1466291936984, 85.0, 2
1466291937984, 85.0, 2
1466291938986, 85.0, 2
1466291939984, 85.0, 2
1466291940986, 85.0, 2
1466291941983, 85.0, 2
1466291942983, 85.0, 2
1466291943984, 85.0, 2
1466291944986, 85.0, 2
1466291945986, 85.0, 2
1466291946983, 85.0, 2
1466291947984, 85.0, 2
1466291948982, 85.0, 2
1466291949982, 85.0, 2
1466291950985, 85.0, 2
1466291951984, 85.0, 2
1466291952985, 85.0, 2
1466291953986, 85.0, 2
1466291954982, 85.0, 2
1466291955984, 85.0, 2
1466291956985, 85.0, 2
1466291957984, 85.0, 2
1466291958985, 85.0, 2
1466291959985, 85.0, 2
1466291960984, 85.0, 2
1466291961984, 85.0, 2
1466291962985, 85.0, 2
1466291963984, 85.0, 2
1466291964984, 85.0, 2
1466291965983, 85.0, 2
1466291966986, 85.0, 2
1466291967986, 85.0, 2
1466291968986, 85.0, 2
1466291969984, 85.0, 2
1466291970984, 85.0, 2
1466291971984, 85.0, 2
1466291972982, 85.0, 2
1466291973983, 85.0, 2
1466291974983, 85.0, 2
1466291975985, 85.0, 2
1466291976985, 85.0, 2
1466291977983, 85.0, 2
1466291978985, 85.0, 2
1466291979985, 85.0, 2
1466291980984, 85.0, 2
1466291981983, 85.0, 2
1466291982983, 85.0, 2
1466291983986, 85.0, 2
1466291984983, 85.0, 2
1466291985982, 85.0, 2
1466291986985, 85.0, 2
1466291987982, 85.0, 2
1466291988986, 85.0, 2
1466291989986, 85.0, 2
1466291990985, 41.25, 2
1466291991985, 41.25, 2
1466291992983, 41.25, 2
1466291993984, 41.25, 2
1466291994985, 41.25, 2
1466291995984, 41.25, 2
1466291996982, 41.25, 2
1466291997982, 41.25, 2
1466291998985, 41.25, 2
1466291999984, 41.25, 2
1466292000984, 41.25, 2
1466292001984, 41.25, 2
1466292002983, 41.25, 2
1466292003985, 41.25, 2
1466292004984, 41.25, 2
1466292005981, 41.25, 2
1466292006983, 41.25, 2
1466292007984, 41.25, 2
1466292008983, 41.25, 2
1466292009985, 41.25, 2
1466292010984, 41.25, 2
1466292011982, 41.25, 2
1466292012985, 41.25, 2
1466292013983, 41.25, 2
1466292014986, 41.25, 2
1466292015985, 41.25, 2
1466292016982, 41.25, 2
1466292017986, 41.25, 2
1466292018986, 41.25, 2
1466292019986, 41.25, 2
1466292020985, 41.25, 2
1466292021985, 41.25, 2
1466292022983, 41.25, 2
1466292023983, 41.25, 2
1466292024986, 41.25, 2
1466292025983, 41.25, 2
1466292026983, 41.25, 2
1466292027983, 41.25, 2
1466292028105, 41.25, 3
1466292028984, 27.5, 3
1466292029984, 27.5, 3
1466292030984, 27.5, 3
1466292031983, 27.5, 3
1466292032985, 27.5, 3
1466292033986, 27.5, 3
1466292034981, 27.5, 3
1466292035984, 27.5, 3
1466292036985, 27.5, 3
1466292037984, 27.5, 3
1466292038985, 27.5, 3
1466292039984, 27.5, 3
1466292040985, 27.5, 3
1466292041984, 27.5, 3
1466292042985, 27.5, 3
1466292043981, 27.5, 3
1466292044983, 27.5, 3
1466292045984, 27.5, 3
1466292046986, 27.5, 3
1466292047986, 27.5, 3
1466292048771, 27.5, 2
1466292048984, 41.25, 2
1466292049984, 41.25, 2
1466292050983, 27.5, 2
1466292051983, 27.5, 2
1466292052984, 27.5, 2
1466292053983, 27.5, 2
1466292054986, 27.5, 2
1466292055986, 27.5, 2
1466292056984, 27.5, 2
1466292057982, 27.5, 2
1466292058784, 27.5, 1
1466292058984, 55.0, 1
1466292059985, 55.0, 1
1466292060982, 55.0, 1
1466292061984, 55.0, 1
1466292062985, 55.0, 1
1466292063983, 55.0, 1
1466292064985, 55.0, 1
1466292065985, 55.0, 1
1466292066981, 55.0, 1
1466292067985, 55.0, 1
1466292068981, 55.0, 1
1466292069985, 55.0, 1
1466292070986, 55.0, 1
1466292071986, 55.0, 1
1466292072986, 55.0, 1
1466292073986, 55.0, 1
1466292074983, 55.0, 1
1466292075985, 55.0, 1
1466292076985, 55.0, 1
1466292077985, 55.0, 1
1466292078983, 55.0, 1
1466292079986, 55.0, 1
1466292080986, 55.0, 1
1466292081986, 55.0, 1
1466292082984, 55.0, 1
1466292083986, 55.0, 1
1466292084986, 55.0, 1
1466292085986, 55.0, 1
1466292086986, 55.0, 1
1466292087986, 55.0, 1
1466292088986, 55.0, 1
1466292089986, 55.0, 1
1466292090986, 55.0, 1
1466292091986, 55.0, 1
1466292092986, 55.0, 1
1466292093986, 55.0, 1
1466292094986, 55.0, 1
1466292095986, 55.0, 1
1466292096985, 55.0, 1
1466292097985, 55.0, 1
1466292098985, 55.0, 1
1466292099985, 55.0, 1
1466292100985, 55.0, 1
1466292101985, 55.0, 1
1466292102985, 55.0, 1
1466292103985, 55.0, 1
1466292104985, 55.0, 1
1466292105985, 55.0, 1
1466292106985, 55.0, 1
1466292107985, 55.0, 1
1466292108985, 55.0, 1
1466292109985, 55.0, 1
1466292110985, 170.0, 1
1466292111985, 240.00002, 1
1466292112985, 270.0, 1
1466292113985, 270.0, 1
1466292114985, 270.0, 1
1466292115985, 270.0, 1
1466292116985, 270.0, 1
1466292117985, 270.0, 1
1466292118985, 270.0, 1
1466292119986, 270.0, 1
1466292120985, 270.0, 1
1466292121985, 270.0, 1
1466292122985, 270.0, 1
1466292123985, 270.0, 1
1466292124985, 270.0, 1
1466292125984, 270.0, 1
1466292126984, 270.0, 1
1466292127984, 270.0, 1
1466292128984, 270.0, 1
1466292129985, 270.0, 1
1466292130984, 270.0, 1
1466292131985, 270.0, 1
1466292132984, 270.0, 1
1466292133984, 270.0, 1
1466292134984, 270.0, 1
1466292135984, 270.0, 1
1466292136985, 270.0, 1
1466292137984, 270.0, 1
1466292138984, 270.0, 1
1466292139985, 270.0, 1
1466292140984, 270.0, 1
1466292141984, 270.0, 1
1466292142984, 270.0, 1
1466292143984, 270.0, 1
1466292144984, 270.0, 1
1466292145984, 270.0, 1
1466292146984, 270.0, 1
1466292147984, 270.0, 1
1466292148984, 270.0, 1
1466292149984, 270.0, 1
1466292150984, 270.0, 1
1466292151985, 270.0, 1
1466292152984, 270.0, 1
1466292153984, 270.0, 1
1466292154984, 270.0, 1
1466292155983, 270.0, 1
1466292156983, 270.0, 1
1466292157983, 270.0, 1
1466292158984, 270.0, 1
1466292159984, 270.0, 1
1466292160983, 270.0, 1
1466292161983, 270.0, 1
1466292162983, 270.0, 1
1466292163984, 270.0, 1
1466292164983, 270.0, 1
1466292165983, 270.0, 1
1466292166983, 270.0, 1
1466292167983, 270.0, 1
1466292168983, 270.0, 1
1466292169984, 270.0, 1
1466292170983, 270.0, 1
1466292171983, 270.0, 1
1466292172985, 270.0, 1
1466292173984, 270.0, 1
1466292174983, 270.0, 1
1466292175985, 270.0, 1
1466292176984, 270.0, 1
1466292177983, 270.0, 1
1466292178983, 270.0, 1
1466292179983, 270.0, 1
1466292180983, 270.0, 1
1466292181983, 270.0, 1
1466292182983, 270.0, 1
1466292183983, 270.0, 1
1466292184983, 270.0, 1
1466292185983, 270.0, 1
1466292186983, 270.0, 1
1466292187983, 270.0, 1
1466292188983, 270.0, 1
1466292189982, 270.0, 1
1466292190982, 270.0, 1
1466292191983, 270.0, 1
1466292192982, 270.0, 1
1466292193983, 270.0, 1
1466292194982, 270.0, 1
1466292195982, 270.0, 1
1466292196983, 270.0, 1
1466292197983, 270.0, 1
1466292198982, 270.0, 1
1466292199983, 270.0, 1
1466292200982, 270.0, 1
1466292201983, 270.0, 1
1466292202982, 270.0, 1
1466292203982, 270.0, 1
1466292204982, 270.0, 1
1466292205982, 270.0, 1
1466292206983, 270.0, 1
1466292207985, 270.0, 1
1466292208982, 270.0, 1
1466292209982, 270.0, 1
1466292210982, 270.0, 1
1466292211132, 270.0, 2
1466292211982, 135.0, 2
1466292212982, 120.00001, 2
1466292213982, 105.00001, 2
1466292214982, 90.00001, 2
1466292215982, 85.0, 2
1466292216982, 85.0, 2
1466292217982, 85.0, 2
1466292218982, 85.0, 2
1466292219982, 85.0, 2
1466292220982, 85.0, 2
1466292221982, 85.0, 2
1466292222981, 85.0, 2
1466292223982, 85.0, 2
1466292224981, 85.0, 2
1466292225982, 85.0, 2
1466292226981, 85.0, 2
1466292227981, 85.0, 2
1466292228981, 85.0, 2
1466292229982, 85.0, 2
1466292230982, 41.25, 2
1466292231981, 41.25, 2
1466292232982, 41.25, 2
1466292233981, 41.25, 2
1466292234981, 41.25, 2
1466292235981, 41.25, 2
1466292236981, 41.25, 2
1466292237983, 41.25, 2
1466292238982, 41.25, 2
1466292239982, 41.25, 2
1466292240981, 41.25, 2
1466292241981, 41.25, 2
1466292242985, 41.25, 2
1466292243982, 41.25, 2
1466292244981, 41.25, 2
1466292245982, 41.25, 2
1466292246986, 41.25, 2
1466292247981, 41.25, 2
1466292248981, 41.25, 2
1466292249981, 41.25, 2
1466292250982, 41.25, 2
1466292251982, 41.25, 2
1466292252986, 41.25, 2
1466292253981, 41.25, 2
1466292254985, 41.25, 2
1466292255983, 41.25, 2
1466292256982, 41.25, 2
1466292257982, 41.25, 2
1466292258985, 41.25, 2
1466292259981, 41.25, 2
1466292260986, 41.25, 2
1466292261981, 41.25, 2
1466292262983, 41.25, 2
1466292263981, 41.25, 2
1466292264982, 41.25, 2
1466292265982, 41.25, 2
1466292266985, 41.25, 2
1466292267981, 41.25, 2
1466292268985, 41.25, 2
1466292269981, 41.25, 2
1466292270983, 41.25, 2
1466292271982, 41.25, 2
1466292272981, 41.25, 2
1466292273982, 41.25, 2
1466292274983, 41.25, 2
1466292275984, 41.25, 2
1466292276983, 41.25, 2
1466292277982, 41.25, 2
1466292278984, 41.25, 2
1466292279982, 41.25, 2
1466292280986, 41.25, 2
1466292281982, 41.25, 2
1466292282983, 41.25, 2
1466292283982, 41.25, 2
1466292284985, 41.25, 2
1466292285982, 41.25, 2
1466292286985, 41.25, 2
1466292287981, 41.25, 2
1466292288985, 41.25, 2
1466292289982, 41.25, 2
1466292290983, 85.0, 2
1466292291981, 85.0, 2
1466292292986, 85.0, 2
1466292293982, 85.0, 2
1466292294985, 85.0, 2
1466292295982, 85.0, 2
1466292296984, 85.0, 2
1466292297981, 85.0, 2
1466292298982, 85.0, 2
1466292299982, 85.0, 2
1466292300984, 85.0, 2
1466292301981, 85.0, 2
1466292302982, 85.0, 2
1466292303983, 85.0, 2
1466292304986, 85.0, 2
1466292305981, 85.0, 2
1466292306982, 85.0, 2
1466292307982, 85.0, 2
1466292308984, 85.0, 2
1466292309982, 85.0, 2
1466292310982, 85.0, 2
1466292311985, 85.0, 2
1466292312074, 85.0, 3
1466292312985, 56.666668, 3
1466292313981, 56.666668, 3
1466292314986, 56.666668, 3
1466292315986, 56.666668, 3
1466292316984, 56.666668, 3
1466292317983, 56.666668, 3
1466292318986, 56.666668, 3
1466292319983, 56.666668, 3
1466292320985, 56.666668, 3
1466292321981, 56.666668, 3
1466292322985, 56.666668, 3
1466292323984, 56.666668, 3
1466292324985, 56.666668, 3
1466292325982, 56.666668, 3
1466292326986, 56.666668, 3
1466292327983, 56.666668, 3
1466292328986, 56.666668, 3
1466292329981, 56.666668, 3
1466292330985, 56.666668, 3
1466292331985, 56.666668, 3
1466292332986, 56.666668, 3
1466292333985, 56.666668, 3
1466292334983, 56.666668, 3
1466292335982, 56.666668, 3
1466292336983, 56.666668, 3
1466292337981, 56.666668, 3
1466292338982, 56.666668, 3
1466292339983, 56.666668, 3
1466292340984, 56.666668, 3
1466292341982, 56.666668, 3
1466292342984, 56.666668, 3
1466292343983, 56.666668, 3
1466292344986, 56.666668, 3
1466292345985, 56.666668, 3
1466292346982, 56.666668, 3
1466292347982, 56.666668, 3
1466292348985, 56.666668, 3
1466292349982, 56.666668, 3
1466292350985, 27.5, 3
1466292351983, 27.5, 3
1466292352982, 27.5, 3
1466292353984, 27.5, 3
1466292354985, 27.5, 3
1466292355981, 27.5, 3
1466292356982, 27.5, 3
1466292357981, 27.5, 3
1466292358984, 27.5, 3
1466292359986, 27.5, 3
1466292360983, 27.5, 3
1466292361983, 27.5, 3
1466292362985, 27.5, 3
1466292363983, 27.5, 3
1466292364984, 27.5, 3
1466292365984, 27.5, 3
1466292366985, 27.5, 3
1466292367984, 27.5, 3
1466292368985, 27.5, 3
1466292369986, 27.5, 3
1466292370982, 27.5, 3
1466292371984, 27.5, 3
1466292372984, 27.5, 3
1466292373985, 27.5, 3
1466292374984, 27.5, 3
1466292375985, 27.5, 3
1466292376985, 27.5, 3
1466292377985, 27.5, 3
1466292378775, 27.5, 2
1466292378985, 41.25, 2
1466292379982, 41.25, 2
1466292380986, 41.25, 2
1466292381983, 41.25, 2
1466292382985, 41.25, 2
1466292383986, 41.25, 2
1466292384986, 41.25, 2
1466292385986, 41.25, 2
1466292386983, 41.25, 2
1466292387983, 41.25, 2
1466292388782, 41.25, 1
1466292388984, 82.5, 1
1466292389981, 82.5, 1
1466292390985, 82.5, 1
1466292391985, 82.5, 1
1466292392986, 82.5, 1
1466292393985, 82.5, 1
1466292394983, 82.5, 1
1466292395982, 82.5, 1
1466292396985, 82.5, 1
1466292397981, 82.5, 1
1466292398986, 82.5, 1
1466292399985, 82.5, 1
1466292400983, 82.5, 1
1466292401986, 82.5, 1
1466292402981, 82.5, 1
1466292403985, 82.5, 1
1466292404985, 82.5, 1
1466292405983, 82.5, 1
1466292406986, 82.5, 1
1466292407985, 82.5, 1
1466292408986, 82.5, 1
1466292409984, 82.5, 1
